,APL,Assembly,Bash/Shell,C,C#,C++,COBOL,Clojure,Crystal,Dart,Delphi,Elixir,Erlang,F#,Fortran,Go,Groovy,HTML/CSS,Haskell,Java,JavaScript,Julia,Kotlin,LISP,Lua,MATLAB,OCaml,Objective-C,PHP,Perl,PowerShell,Python,R,Ruby,Rust,SAS,SQL,Scala,Solidity,Swift,TypeScript,VBA
APL,-1,150,181,187,145,180,76,68,67,86,87,70,65,69,70,96,63,255,83,194,272,64,95,90,77,83,64,72,131,76,114,228,78,90,104,63,214,59,62,90,143,72
Assembly,150,-1,2402,3056,1515,2705,166,114,113,436,326,145,129,152,191,767,204,2430,401,2151,2633,162,556,286,579,669,162,254,1231,350,883,2824,418,371,1001,78,2194,197,160,322,1285,411
Bash/Shell,181,2402,-1,6077,5169,6153,216,488,161,1357,430,639,368,300,349,3938,1403,12721,898,8186,14420,478,2183,615,1593,1206,257,667,4924,1113,4425,13512,1362,1878,3238,166,12239,873,383,1104,8010,1053
C,187,3056,6077,-1,4597,9159,235,236,166,1320,555,330,253,242,382,2289,561,7791,819,6724,8688,429,1641,538,1340,1637,280,737,3626,819,2198,9512,1081,969,2625,132,6970,465,346,909,4055,932
C#,145,1515,5169,4597,-1,5915,205,196,192,1555,888,306,195,588,228,1976,566,12491,455,6767,14164,205,1900,249,1076,969,152,624,4219,476,5120,8549,801,889,1725,152,12722,414,300,1037,8565,1766
C++,180,2705,6153,9159,5915,-1,222,224,155,1485,654,306,233,276,395,2313,601,8811,777,7286,9972,447,1866,469,1371,1722,251,778,3891,717,2566,10853,1162,958,2665,138,7783,487,356,986,4824,1068
COBOL,76,166,216,235,205,222,-1,64,78,82,135,59,60,68,116,110,81,295,73,292,315,63,108,84,74,92,58,77,189,105,153,264,83,88,89,56,338,68,54,83,161,147
Clojure,68,114,488,236,196,224,64,-1,75,135,66,121,85,94,62,239,113,467,140,466,617,92,176,186,127,81,78,69,158,79,125,505,116,174,202,53,503,133,61,86,354,65
Crystal,67,113,161,166,192,155,78,75,-1,92,90,95,69,69,67,130,62,243,77,159,254,66,100,84,97,70,65,76,143,75,124,178,76,150,122,56,253,69,54,80,162,113
Dart,86,436,1357,1320,1555,1485,82,135,92,-1,138,202,119,110,78,915,245,2944,193,2319,3449,117,1321,113,312,346,94,309,1453,132,633,2535,260,346,641,75,2486,149,203,644,2190,233
Delphi,87,326,430,555,888,654,135,66,90,138,-1,69,73,83,133,181,106,947,89,585,1050,68,171,98,134,163,57,128,673,156,371,654,113,138,109,59,1477,73,67,136,424,349
Elixir,70,145,639,330,306,306,59,121,95,202,69,-1,438,99,64,453,110,843,167,400,1112,96,215,121,193,86,84,104,295,101,159,640,109,504,404,51,801,134,79,152,684,74
Erlang,65,129,368,253,195,233,60,85,69,119,73,438,-1,80,65,257,98,362,128,266,467,71,132,105,123,74,72,84,170,104,127,354,93,197,214,50,381,93,66,103,281,76
F#,69,152,300,242,588,276,68,94,69,110,83,99,80,-1,68,197,82,417,130,283,506,73,158,86,114,86,85,73,159,91,295,358,115,112,207,50,465,98,59,93,423,115
Fortran,70,191,349,382,228,395,116,62,67,78,133,64,65,68,-1,125,70,323,87,273,339,138,95,109,111,205,61,81,190,147,175,503,150,106,128,55,327,73,51,93,157,174
Go,96,767,3938,2289,1976,2313,110,239,130,915,181,453,257,197,125,-1,592,4318,419,3265,5629,215,1189,265,825,386,145,289,1854,441,1163,5090,427,1032,1968,75,4358,448,302,532,3770,299
Groovy,63,204,1403,561,566,601,81,113,62,245,106,110,98,82,70,592,-1,1298,139,1824,1618,85,731,100,185,128,64,139,449,194,524,1421,150,297,293,55,1433,251,77,213,986,162
HTML/CSS,255,2430,12721,7791,12491,8811,295,467,243,2944,947,843,362,417,323,4318,1298,-1,930,13759,34815,426,3354,549,1900,1727,266,957,11854,1034,6126,19072,1799,2723,3457,314,23581,795,766,1850,18115,2135
Haskell,83,401,898,819,455,777,73,140,77,193,89,167,128,130,87,419,139,930,-1,839,1048,144,291,206,250,196,148,105,366,149,275,1140,215,222,606,49,778,205,91,150,691,110
Java,194,2151,8186,6724,6767,7286,292,466,159,2319,585,400,266,283,273,3265,1824,13759,839,-1,16534,337,4752,447,1311,1425,250,907,5707,790,3302,12769,1306,1483,2412,184,13842,1217,449,1589,8865,1314
JavaScript,272,2633,14420,8688,14164,9972,315,617,254,3449,1050,1112,467,506,339,5629,1618,34815,1048,16534,-1,479,4200,576,2194,1812,303,1162,13042,1164,6667,22086,1889,3372,4282,308,26535,1064,914,2262,22307,2261
Julia,64,162,478,429,205,447,63,92,66,117,68,96,71,73,138,215,85,426,144,337,479,-1,158,114,140,269,87,79,157,98,159,827,323,123,277,66,397,106,67,104,248,118
Kotlin,95,556,2183,1641,1900,1866,108,176,100,1321,171,215,132,158,95,1189,731,3354,291,4752,4200,158,-1,158,465,383,121,514,1551,217,863,3345,349,548,1005,85,3429,426,186,1132,2809,322
LISP,90,286,615,538,249,469,84,186,84,113,98,121,105,86,109,265,100,549,206,447,576,114,158,-1,225,161,103,106,223,173,189,665,159,165,299,56,510,114,63,121,309,122
Lua,77,579,1593,1340,1076,1371,74,127,97,312,134,193,123,114,111,825,185,1900,250,1311,2194,140,465,225,-1,242,115,173,874,269,642,2051,208,356,858,62,1544,172,99,220,1267,228
MATLAB,83,669,1206,1637,969,1722,92,81,70,346,163,86,74,86,205,386,128,1727,196,1425,1812,269,383,161,242,-1,98,207,811,191,631,2415,674,223,365,99,1677,149,121,217,853,364
OCaml,64,162,257,280,152,251,58,78,65,94,57,84,72,85,61,145,64,266,148,250,303,87,121,103,115,98,-1,75,139,82,102,319,89,94,200,50,219,88,71,79,210,64
Objective-C,72,254,667,737,624,778,77,69,76,309,128,104,84,73,81,289,139,957,105,907,1162,79,514,106,173,207,75,-1,574,159,317,824,153,283,232,66,858,101,91,1084,708,184
PHP,131,1231,4924,3626,4219,3891,189,158,143,1453,673,295,170,159,190,1854,449,11854,366,5707,13042,157,1551,223,874,811,139,574,-1,725,2297,7045,751,1070,1101,182,10743,293,324,881,5779,1140
Perl,76,350,1113,819,476,717,105,79,75,132,156,101,104,91,147,441,194,1034,149,790,1164,98,217,173,269,191,82,159,725,-1,451,1149,232,339,289,71,1161,131,80,163,501,260
PowerShell,114,883,4425,2198,5120,2566,153,125,124,633,371,159,127,295,175,1163,524,6126,275,3302,6667,159,863,189,642,631,102,317,2297,451,-1,4898,587,523,933,130,6178,275,197,463,3980,1084
Python,228,2824,13512,9512,8549,10853,264,505,178,2535,654,640,354,358,503,5090,1421,19072,1140,12769,22086,827,3345,665,2051,2415,319,824,7045,1149,4898,-1,2753,2121,4376,289,18018,1207,655,1663,11047,1791
R,78,418,1362,1081,801,1162,83,116,76,260,113,109,93,115,150,427,150,1799,215,1306,1889,323,349,159,208,674,89,153,751,232,587,2753,-1,311,376,187,2168,235,126,217,873,387
Ruby,90,371,1878,969,889,958,88,174,150,346,138,504,197,112,106,1032,297,2723,222,1483,3372,123,548,165,356,223,94,283,1070,339,523,2121,311,-1,664,75,2572,254,132,424,1817,231
Rust,104,1001,3238,2625,1725,2665,89,202,122,641,109,404,214,207,128,1968,293,3457,606,2412,4282,277,1005,299,858,365,200,232,1101,289,933,4376,376,664,-1,75,2865,358,261,436,3152,218
SAS,63,78,166,132,152,138,56,53,56,75,59,51,50,50,55,75,55,314,49,184,308,66,85,56,62,99,50,66,182,71,130,289,187,75,75,-1,346,66,60,76,183,115
SQL,214,2194,12239,6970,12722,7783,338,503,253,2486,1477,801,381,465,327,4358,1433,23581,778,13842,26535,397,3429,510,1544,1677,219,858,10743,1161,6178,18018,2168,2572,2865,346,-1,1115,568,1537,13907,2441
Scala,59,197,873,465,414,487,68,133,69,149,73,134,93,98,73,448,251,795,205,1217,1064,106,426,114,172,149,88,101,293,131,275,1207,235,254,358,66,1115,-1,78,138,747,132
Solidity,62,160,383,346,300,356,54,61,54,203,67,79,66,59,51,302,77,766,91,449,914,67,186,63,99,121,71,91,324,80,197,655,126,132,261,60,568,78,-1,144,619,91
Swift,90,322,1104,909,1037,986,83,86,80,644,136,152,103,93,93,532,213,1850,150,1589,2262,104,1132,121,220,217,79,1084,881,163,463,1663,217,424,436,76,1537,138,144,-1,1429,223
TypeScript,143,1285,8010,4055,8565,4824,161,354,162,2190,424,684,281,423,157,3770,986,18115,691,8865,22307,248,2809,309,1267,853,210,708,5779,501,3980,11047,873,1817,3152,183,13907,747,619,1429,-1,1032
VBA,72,411,1053,932,1766,1068,147,65,113,233,349,74,76,115,174,299,162,2135,110,1314,2261,118,322,122,228,364,64,184,1140,260,1084,1791,387,231,218,115,2441,132,91,223,1032,-1
